% Convection Diffusion, a=0, b=0, c=0, kappa=1 
% line: (0.5,0.5) to (1,0.5) 
time=1.00000000000000e+01; 
x0=[ 0.0000000000e+00  9.0909090909e-02  1.8181818182e-01  2.7272727273e-01  3.6363636364e-01 ...
 4.5454545455e-01  5.4545454545e-01  6.3636363636e-01  7.2727272727e-01  8.1818181818e-01 ...
 9.0909090909e-01  1.0000000000e+00 ];
T0=[ 5.0000000000e+00  4.8723331002e+00  4.7548436724e+00  4.6460829690e+00  4.5448162263e+00 ...
 4.4500708475e+00  4.3610708797e+00  4.2771570774e+00  4.1977759396e+00  4.1224642617e+00 ...
 4.0508259198e+00  3.9825190575e+00 ];
x00=[ 5.0000000000e-01  5.4545454545e-01  5.9090909091e-01  6.3636363636e-01  6.8181818182e-01 ...
 7.2727272727e-01  7.7272727273e-01  8.1818181818e-01  8.6363636364e-01  9.0909090909e-01 ...
 9.5454545455e-01  1.0000000000e+00 ];
% Uncomment the next lines to create a plot
% plot(x0,T0,'r-o',x0,x00,'g-x');
% legend('T','x0');
