% Convection Diffusion, a=0, b=0, c=0, kappa=1 
% line: (0.5,0.5) to (1,0.5) 
time=1.00000000000000e+01; 
x0=[ 0.0000000000e+00  4.7619047619e-02  9.5238095238e-02  1.4285714286e-01  1.9047619048e-01 ...
 2.3809523810e-01  2.8571428571e-01  3.3333333333e-01  3.8095238095e-01  4.2857142857e-01 ...
 4.7619047619e-01  5.2380952381e-01  5.7142857143e-01  6.1904761905e-01  6.6666666667e-01 ...
 7.1428571429e-01  7.6190476190e-01  8.0952380952e-01  8.5714285714e-01  9.0476190476e-01 ...
 9.5238095238e-01  1.0000000000e+00 ];
T0=[ 5.0000000000e+00  4.9316418721e+00  4.8663215805e+00  4.8037806032e+00  4.7437920687e+00 ...
 4.6861557920e+00  4.6306942487e+00  4.5772492813e+00  4.5256793836e+00  4.4758574438e+00 ...
 4.4276688563e+00  4.3810099293e+00  4.3357865365e+00  4.2919129720e+00  4.2493109799e+00 ...
 4.2079089225e+00  4.1676410567e+00  4.1284469039e+00  4.0902706884e+00  4.0530608694e+00 ...
 4.0167697492e+00  3.9813530091e+00 ];
x00=[ 5.0000000000e-01  5.2380952381e-01  5.4761904762e-01  5.7142857143e-01  5.9523809524e-01 ...
 6.1904761905e-01  6.4285714286e-01  6.6666666667e-01  6.9047619048e-01  7.1428571429e-01 ...
 7.3809523810e-01  7.6190476190e-01  7.8571428571e-01  8.0952380952e-01  8.3333333333e-01 ...
 8.5714285714e-01  8.8095238095e-01  9.0476190476e-01  9.2857142857e-01  9.5238095238e-01 ...
 9.7619047619e-01  1.0000000000e+00 ];
% Uncomment the next lines to create a plot
% plot(x0,T0,'r-o',x0,x00,'g-x');
% legend('T','x0');
