% Incompressible NS (Boussinesq), nu=5.00e-02, k=2.00e-01 
% line: (1,0.5) to (1.5,0.5) 
time=9.99999999999997e+00; 
x0=[ 0.0000000000e+00  4.7619047619e-02  9.5238095238e-02  1.4285714286e-01  1.9047619048e-01 ...
 2.3809523810e-01  2.8571428571e-01  3.3333333333e-01  3.8095238095e-01  4.2857142857e-01 ...
 4.7619047619e-01  5.2380952381e-01  5.7142857143e-01  6.1904761905e-01  6.6666666667e-01 ...
 7.1428571429e-01  7.6190476190e-01  8.0952380952e-01  8.5714285714e-01  9.0476190476e-01 ...
 9.5238095238e-01  1.0000000000e+00 ];
T0=[ 3.9812897517e+00  3.8082813052e+00  3.6392496622e+00  3.4740160987e+00  3.3124136745e+00 ...
 3.1542862194e+00  2.9994874260e+00  2.8478800367e+00  2.6993351120e+00  2.5537313721e+00 ...
 2.4109546015e+00  2.2708971112e+00  2.1334572505e+00  1.9985389640e+00  1.8660513884e+00 ...
 1.7359084848e+00  1.6080287032e+00  1.4823346755e+00  1.3587529345e+00  1.2372136558e+00 ...
 1.1176504210e+00  1.0000000000e+00 ];
v0=[ 0.0000000000e+00  3.4057803072e-01  6.3064594453e-01  8.7339838240e-01  1.0718610077e+00 ...
 1.2289041358e+00  1.3472549674e+00  1.4295085961e+00  1.4781379370e+00  1.4955027016e+00 ...
 1.4838575291e+00  1.4453593693e+00  1.3820741978e+00  1.2959831387e+00  1.1889880538e+00 ...
 1.0629166578e+00  9.1952720523e-01  7.6051279287e-01  5.8750531643e-01  4.0207911387e-01 ...
 2.0575432590e-01  1.5350710370e-14 ];
x00=[ 1.0000000000e+00  1.0238095238e+00  1.0476190476e+00  1.0714285714e+00  1.0952380952e+00 ...
 1.1190476190e+00  1.1428571429e+00  1.1666666667e+00  1.1904761905e+00  1.2142857143e+00 ...
 1.2380952381e+00  1.2619047619e+00  1.2857142857e+00  1.3095238095e+00  1.3333333333e+00 ...
 1.3571428571e+00  1.3809523810e+00  1.4047619048e+00  1.4285714286e+00  1.4523809524e+00 ...
 1.4761904762e+00  1.5000000000e+00 ];
% Uncomment the next lines to create a plot
% plot(x0,T0,'r-o',x0,v0,'g-x',x0,x00,'b-s');
% legend('T','v','x0');
