% Incompressible NS (Boussinesq), nu=5.00e-02, k=2.00e-01 
% line: (1,0.5) to (1.5,0.5) 
time=9.99999999999999e+00; 
x0=[ 0.0000000000e+00  9.0909090909e-02  1.8181818182e-01  2.7272727273e-01  3.6363636364e-01 ...
 4.5454545455e-01  5.4545454545e-01  6.3636363636e-01  7.2727272727e-01  8.1818181818e-01 ...
 9.0909090909e-01  1.0000000000e+00 ];
T0=[ 3.9826006733e+00  3.6556532006e+00  3.3426127690e+00  3.0423443401e+00  2.7538463885e+00 ...
 2.4762307519e+00  2.2087061436e+00  1.9505645585e+00  1.7011699825e+00  1.4599489521e+00 ...
 1.2263826132e+00  1.0000000000e+00 ];
v0=[ 0.0000000000e+00  6.0638554086e-01  1.0391306110e+00  1.3189130308e+00  1.4644753876e+00 ...
 1.4928979754e+00  1.4198235334e+00  1.2596437786e+00  1.0256553756e+00  7.3019124934e-01 ...
 3.8473185091e-01  4.1005263282e-15 ];
x00=[ 1.0000000000e+00  1.0454545455e+00  1.0909090909e+00  1.1363636364e+00  1.1818181818e+00 ...
 1.2272727273e+00  1.2727272727e+00  1.3181818182e+00  1.3636363636e+00  1.4090909091e+00 ...
 1.4545454545e+00  1.5000000000e+00 ];
% Uncomment the next lines to create a plot
% plot(x0,T0,'r-o',x0,v0,'g-x',x0,x00,'b-s');
% legend('T','v','x0');
