% Incompressible NS (Boussinesq), nu=5.00e-02, k=2.00e-01 
% line: (1,0.5) to (1.5,0.5) 
time=1.00000000000000e+01; 
x0=[ 0.0000000000e+00  4.7619047619e-02  9.5238095238e-02  1.4285714286e-01  1.9047619048e-01 ...
 2.3809523810e-01  2.8571428571e-01  3.3333333333e-01  3.8095238095e-01  4.2857142857e-01 ...
 4.7619047619e-01  5.2380952381e-01  5.7142857143e-01  6.1904761905e-01  6.6666666667e-01 ...
 7.1428571429e-01  7.6190476190e-01  8.0952380952e-01  8.5714285714e-01  9.0476190476e-01 ...
 9.5238095238e-01  1.0000000000e+00 ];
T0=[ 3.9813530091e+00  3.8083409476e+00  3.6393057646e+00  3.4740687328e+00  3.3124629093e+00 ...
 3.1543321208e+00  2.9995300577e+00  2.8479194600e+00  2.6993713863e+00  2.5537645546e+00 ...
 2.4109847477e+00  2.2709242751e+00  2.1334814845e+00  1.9985603191e+00  1.8660699141e+00 ...
 1.7359242293e+00  1.6080417135e+00  1.4823449973e+00  1.3587606121e+00  1.2372187326e+00 ...
 1.1176529392e+00  1.0000000000e+00 ];
v0=[ 0.0000000000e+00  3.4058266331e-01  6.3065443896e-01  8.7341003187e-01  1.0718751634e+00 ...
 1.2289202012e+00  1.3472723936e+00  1.4295268778e+00  1.4781566101e+00  1.4955213427e+00 ...
 1.4838757566e+00  1.4453768439e+00  1.3820906242e+00  1.2959982642e+00  1.1890016674e+00 ...
 1.0629285870e+00  9.1953731288e-01  7.6052097426e-01  5.8751149662e-01  4.0208324585e-01 ...
 2.0575638926e-01  1.5350864311e-14 ];
x00=[ 1.0000000000e+00  1.0238095238e+00  1.0476190476e+00  1.0714285714e+00  1.0952380952e+00 ...
 1.1190476190e+00  1.1428571429e+00  1.1666666667e+00  1.1904761905e+00  1.2142857143e+00 ...
 1.2380952381e+00  1.2619047619e+00  1.2857142857e+00  1.3095238095e+00  1.3333333333e+00 ...
 1.3571428571e+00  1.3809523810e+00  1.4047619048e+00  1.4285714286e+00  1.4523809524e+00 ...
 1.4761904762e+00  1.5000000000e+00 ];
% Uncomment the next lines to create a plot
% plot(x0,T0,'r-o',x0,v0,'g-x',x0,x00,'b-s');
% legend('T','v','x0');
