% Convection Diffusion, a=0, b=0, c=0, kappa=1 
% line: (0.5,0.5) to (1,0.5) 
time=1.00000000000000e+01; 
x0=[ 0.0000000000e+00  1.6666666667e-01  3.3333333333e-01  5.0000000000e-01  6.6666666667e-01 ...
 8.3333333333e-01  1.0000000000e+00 ];
T0=[ 5.0000000000e+00  4.7749390271e+00  4.5798405200e+00  4.4076602116e+00  4.2535772399e+00 ...
 4.1141476166e+00  3.9868246542e+00 ];
x00=[ 5.0000000000e-01  5.8333333333e-01  6.6666666667e-01  7.5000000000e-01  8.3333333333e-01 ...
 9.1666666667e-01  1.0000000000e+00 ];
% Uncomment the next lines to create a plot
% plot(x0,T0,'r-o',x0,x00,'g-x');
% legend('T','x0');
