% Incompressible NS (Boussinesq), nu=5.00e-02, k=2.00e-01 
% line: (1,0.5) to (1.5,0.5) 
time=1.00000000000000e+01; 
x0=[ 0.0000000000e+00  9.0909090909e-02  1.8181818182e-01  2.7272727273e-01  3.6363636364e-01 ...
 4.5454545455e-01  5.4545454545e-01  6.3636363636e-01  7.2727272727e-01  8.1818181818e-01 ...
 9.0909090909e-01  1.0000000000e+00 ];
T0=[ 3.9825190575e+00  3.6555803788e+00  3.3425484192e+00  3.0422881547e+00  2.7537980787e+00 ...
 2.4761900468e+00  2.2086727880e+00  1.9505383107e+00  1.7011506131e+00  1.4599362430e+00 ...
 1.2263763570e+00  1.0000000000e+00 ];
v0=[ 0.0000000000e+00  6.0637348135e-01  1.0391108909e+00  1.3188889721e+00  1.4644496091e+00 ...
 1.4928725752e+00  1.4198001826e+00  1.2596237754e+00  1.0256396807e+00  7.3018051329e-01 ...
 3.8472643615e-01  4.1004686169e-15 ];
x00=[ 1.0000000000e+00  1.0454545455e+00  1.0909090909e+00  1.1363636364e+00  1.1818181818e+00 ...
 1.2272727273e+00  1.2727272727e+00  1.3181818182e+00  1.3636363636e+00  1.4090909091e+00 ...
 1.4545454545e+00  1.5000000000e+00 ];
% Uncomment the next lines to create a plot
% plot(x0,T0,'r-o',x0,v0,'g-x',x0,x00,'b-s');
% legend('T','v','x0');
