% Incompressible NS (Boussinesq), nu=5.00e-02, k=2.00e-01 
% line: (1,0.5) to (1.5,0.5) 
time=1.00000000000000e+01; 
x0=[ 0.0000000000e+00  1.6666666667e-01  3.3333333333e-01  5.0000000000e-01  6.6666666667e-01 ...
 8.3333333333e-01  1.0000000000e+00 ];
T0=[ 3.9868246542e+00  3.3974368156e+00  2.8516377340e+00  2.3434197922e+00  1.8679375561e+00 ...
 1.4212261367e+00  1.0000000000e+00 ];
v0=[ 0.0000000000e+00  9.7873784385e-01  1.4306747289e+00  1.4690680880e+00  1.1899958564e+00 ...
 6.7622323509e-01  3.6036413058e-15 ];
x00=[ 1.0000000000e+00  1.0833333333e+00  1.1666666667e+00  1.2500000000e+00  1.3333333333e+00 ...
 1.4166666667e+00  1.5000000000e+00 ];
% Uncomment the next lines to create a plot
% plot(x0,T0,'r-o',x0,v0,'g-x',x0,x00,'b-s');
% legend('T','v','x0');
