% Convection Diffusion, a=0, b=0, c=0, kappa=1 
% line: (0.5,0.5) to (1,0.5) 
time=9.99999999999999e+00; 
x0=[ 0.0000000000e+00  9.0909090909e-02  1.8181818182e-01  2.7272727273e-01  3.6363636364e-01 ...
 4.5454545455e-01  5.4545454545e-01  6.3636363636e-01  7.2727272727e-01  8.1818181818e-01 ...
 9.0909090909e-01  1.0000000000e+00 ];
T0=[ 5.0000000000e+00  4.8723289820e+00  4.7548677445e+00  4.6461042567e+00  4.5448393960e+00 ...
 4.4501061489e+00  4.3611132382e+00  4.2772048756e+00  4.1978315147e+00  4.1225282582e+00 ...
 4.0508985576e+00  3.9826006733e+00 ];
x00=[ 5.0000000000e-01  5.4545454545e-01  5.9090909091e-01  6.3636363636e-01  6.8181818182e-01 ...
 7.2727272727e-01  7.7272727273e-01  8.1818181818e-01  8.6363636364e-01  9.0909090909e-01 ...
 9.5454545455e-01  1.0000000000e+00 ];
% Uncomment the next lines to create a plot
% plot(x0,T0,'r-o',x0,x00,'g-x');
% legend('T','x0');
