# File written by plotGDMFit.m on 08-May-2019 13:17:29
units="MKS";
name="GoldJC";
gdmDataFile="gdmOptGoldJCData.mat";
omegaScale=9.41825783654426e+15;
omegaDataMin=2.00000000000000e-01;
omegaDataMax=1.00000000000000e+00;
epsGDM1ErrorNorm=7.242538e-02;
epsGDMPars1=[3.66998702271128e+00,1.41017627979524e+00, 5.87157183015069e-01, 9.89996563022609e-03, 3.15487975603128e-06];
epsGDM2ErrorNorm=7.963017e-03;
epsGDMPars2=[1.02275059401487e+00,1.80607806115945e+00, 8.59989433804148e-01, 4.51850093537890e-04, 8.00354287530259e-04,2.86227279667280e-01, 2.08479943704759e+00, 1.77175029505693e-01, 2.97757524743945e-01];
epsGDM3ErrorNorm=5.552476e-03;
epsGDMPars3=[1.08351572116879e+00,1.91502938432180e+00, 1.95593826447357e-01, 1.07923573577046e-04, 9.29725109925496e-03,1.11909871501728e-01, 1.95285440126352e-01, 1.83879368125781e-01, 1.12866130947754e-01,9.12280555677383e-01, 2.17872803577657e+00, 2.73346717419279e-01, 4.47604287865254e-01];
epsGDM4ErrorNorm=4.739539e-03;
epsGDMPars4=[1.08878349906680e+00,1.91543289205748e+00, 3.52172732651428e-02, 3.45159068362888e-04, 1.06370486301752e-02,1.08010686044056e+00, 1.96860287703525e-01, 1.31414929838802e+00, 3.40172564573356e-01,1.12353030277939e+00, 5.80695336860428e-01, 4.26498715200191e-01, 4.34435585973900e-01,1.97094110607501e-01, 4.75983523335638e-01, 1.84806877696152e-01, 1.52162304296059e-01];
