#
#   plot the spiral wire grid 
#      plotStuff plotSpiralWireGrid.cmd
#
$show="spiralWireGride1.order2.hdf";
$show

  toggle grid 0 0
  y-r:0
  y-r:0
  x+r:0
  x+r:0
  plot backup interpolation points 1
  plot grid lines 0
  set view:0 -0.622356 0.0755287 0 4.48755 0.939693 -0.116978 0.321394 0 0.939693 0.34202 -0.34202 -0.321394 0.883022
  reset:0
  set view:0 -0.220544 -0.0845921 0 6.45577 1 0 0 0 1 0 0 0 1
  Pick rotation point:0
       1.04916 0.051153 0.208723 
  x-r:0
  x-r:0
  x-r:0
  x-r:0
  x-r:0
  x-r:0
  x-r:0
  x-r:0
  x-r:0
  x-r:0
  x-r:0
  x+r:0
  x+r:0
  x+r:0
  x+r:0
  x+r:0
  x+r:0
  x+r:0
  plot grid lines 1
  colour boundaries by grid number
  set view:0 -0.231307 -0.0640012 0 22.2017 1 0 0 0 0.766044 -0.642788 0 0.642788 0.766044
  reset:0
  plot backup interpolation points 0
  plot block boundaries 0
  y-r:0
  y-r:0
  y-r:0
  y-r:0
  y-r:0
  x+r:0
  x+r:0
  reset:0
  coarsening factor 2
  bigger:0
  DISPLAY AXES:0 0
  DISPLAY SQUARES:0 0
  pick colour...
  PIC:copper
  grid colour 1 COPPER
  grid colour 2 COPPER
  grid colour 3 COPPER
  x-r:0
  x+r:0
  y-r:0
  y-r:0
  y-r:0
  y-r:0
  bigger:0
  x-:0
  x-:0
  x-:0
  hardcopy vertical resolution:0 2048
  hardcopy horizontal resolution:0 2048
  hardcopy file name:0 spiralWireGrid.ps
  line width scale factor:0 3
  plot
  hardcopy save:0




  DISPLAY AXES:0 0
  DISPLAY SQUARES:0 0
  plot block boundaries 0
# 
  toggle grid 0 0
  set view:0 0 0 0 1 0.815893 -0.577921 -0.0180696 0.573295 0.804509 0.155239 -0.0751784 -0.137017 0.987712
  grid colour 1 GREEN
  grid colour 2 GREEN
  grid colour 3 GREEN
  grid colour 4 CADETBLUE
  grid colour 5 CADETBLUE
  grid colour 6 CADETBLUE
  grid colour 7 JADE
  grid colour 8 JADE
  grid colour 9 JADE
  grid colour 10 LIGHTSTEELBLUE
  grid colour 11 LIGHTSTEELBLUE
  grid colour 12 LIGHTSTEELBLUE
  grid colour 13 BRONZE
  grid colour 14 BRONZE
  grid colour 15 BRONZE
  grid colour 15 MEDIUMSEAGREEN
  grid colour 16 MEDIUMSEAGREEN
  grid colour 17 MEDIUMSEAGREEN
  grid colour 21 ORANGE
  grid colour 22 ORANGE
  grid colour 23 ORANGE
  grid colour 25 BLUE
  grid colour 26 BLUE
  grid colour 27 BLUE
  grid colour 25 BRASS
  grid colour 26 BRASS
  grid colour 27 BRASS
  set view:0 0.0189033 -0.00357525 0 1.37339 0.46695 0.41235 -0.782256 0.0503863 0.870778 0.489089 0.882847 -0.267795 0.385833
  line width scale factor:0 3
  hardcopy vertical resolution:0 2048
  hardcopy horizontal resolution:0 2048
  hardcopy file name:0 sphere9ArrayGrid.ps
  plot
  hardcopy save:0
